ввод (два треугольника со связью между)
6 7
1 2
1 3
2 3
6 5
6 4
5 4
3 6

вывод
3
3 2 1
5 6 4

ввод (четырехугольник и палка)
6 7
1 2
6 1
1 3
2 6
2 3
3 6
5 4

вывод
4
3 6 2 1
5 4

ввод 5 и точка
5 6
1 2
1 3
1 5
2 3
2 5
3 5

вывод
4
5 3 2 1
4

ввод 2 точки
2 0

вывод
1
1
2

ввод (2 отдельные фигуры)
9 16
1 2
2 8
8 9
1 9
1 8
2 9
3 4
4 5
5 6
6 7
3 7
7 4
5 7
6 4
3 5
3 6

вывод
4
9 8 2 1
7 6 5 4 3

Ввод
3 1
1 2

вывод 
2
1 2
3

ввод (два треугольника со связями между)
6 8
1 2
1 3
2 3
6 5
6 4
5 4
3 6
1 4

вывод
3
1 2 3
4 5 6


